left_sensor_target:
-6.53759
right_sensor_target:
-30.5376
gyro_target:
gyro:

left_sensor:
2442,2436,2436,2444,2442,2438,2432,2423,2411,2398,2386,2372,2358,2342,2328,2312,2295,2276,2258,2238,2220,2200,2179,2158,2134,2112,2098,2070,2044,2018,1991,1964,1937,1910,1882,1854,1828,1800,1772,1744,1717,1690,1662,1634,1606,1579,1551,1524,1482,1454,1427,1399,1372,1344,1316,1289,1262,1234,1206,1178,1151,1124,1096,1068,1040,1012,985,958,930,902,874,846,820,792,764,736,709,681,654,626,598,571,543,516,488,460,432,405,378,350,322,294,268,240,212,184,156,129,101,71,46,30,27,28,32,34,27,14,-3,-15,-18,-10,6,21,28,20,4,-16,-25,-27,-22,-10,4,11,8,-2,-16,-26,-27,-20,-6,9,15,8,-8,-24,-30,-30,-26,-14,-2,8,9,0,-18,-33,-40,-38,-26,-6,12,21,20,8,-10,-28,-36,-35,-24,-7,10,18,16,4,-17,-34,-42,-38,-28,-12,2,10,6,-6,-20,-25,-25,-16,-4,3,0,-10,-18,-18,-8,6,15,12,6,-12,-25,-31,-28,-16,-2,11,16,8,-6,-24,-29,-29,-24,-12,-1,5,2,-6,-18,-23,-24,-16,-5,7,10,4,-5,-16,-22,-19,-11,2,9,8,1,-12,-24,-28,-22,-8,8,14,13,4,-10,-22,-27,-22,-10,4,10,10,2,-11,-24,-28,-24,-11,5,14,13,6,-6,-18,-22,-16,-9,2,6,4,-6,-18,-26,-25,-18,-6,5,9,2,-4,-13,-17,-14,-4,8,14,10,0,-14,-24,-22,-18,-11,-4,-2,-6,-16,-25,-26,-18,-10,-2,0,-5,-17,-27,-29,-21,-5,12,20,18,4,-16,-34,-43,-40,-30,-11,6,12,9,
right_sensor:
2418,2421,2433,2451,2456,2454,2448,2438,2428,2416,2404,2391,2378,2364,2350,2335,2319,2304,2287,2270,2252,2241,2222,2202,2172,2151,2129,2107,2084,2059,2034,2008,1981,1954,1927,1900,1872,1845,1818,1791,1764,1736,1709,1682,1654,1627,1600,1572,1546,1518,1491,1464,1436,1410,1382,1355,1328,1300,1273,1246,1218,1191,1164,1136,1109,1082,1055,1027,1000,972,946,918,891,864,836,809,782,754,728,700,672,645,618,591,564,536,509,482,455,427,400,373,346,318,291,264,236,209,182,154,126,99,72,45,21,8,6,12,18,20,12,-6,-28,-48,-56,-53,-42,-24,-10,-5,-10,-23,-38,-47,-46,-39,-27,-15,-11,-17,-32,-47,-53,-51,-40,-27,-15,-11,-16,-30,-44,-50,-47,-36,-24,-14,-14,-21,-36,-49,-54,-50,-37,-22,-11,-8,-16,-32,-48,-56,-53,-41,-21,-6,-6,-15,-30,-40,-40,-32,-20,-13,-16,-28,-38,-42,-37,-29,-16,-11,-18,-32,-42,-43,-41,-34,-27,-25,-32,-42,-49,-47,-38,-28,-22,-27,-38,-47,-49,-47,-39,-30,-24,-29,-40,-49,-52,-50,-41,-28,-16,-14,-23,-37,-47,-48,-38,-24,-13,-12,-22,-36,-46,-46,-37,-23,-13,-12,-18,-30,-44,-48,-44,-34,-20,-15,-18,-27,-48,-55,-53,-46,-37,-30,-32,-41,-47,-50,-44,-34,-21,-16,-19,-28,-42,-50,-48,-40,-27,-16,-13,-22,-38,-55,-63,-61,-48,-28,-9,0,-3,-16,-35,-52,-61,-58,-45,-26,-8,0,-5,-19,-39,-55,-60,-55,-42,-25,-12,-8,-16,-32,-50,-58,-56,-45,-27,-10,-2,-6,-20,-48,-61,-64,-56,-42,-31,-28,-35,-46,-53,-50,
