gyro_target:
4000
left_sensor_target:
5500
right_sensor_target:
2000
gyro:
2911,8608,1219,4226,7164,6275,9529,5007,3760,4453,4682,1429,3045,7120,3779,3002,5676,4412,6567,6544,1596,8624,2310,7380,8220,4921,7046,5172,4835,3850,9383,8178,3550,4733,5275,7574,8594,9241,3142,2868,4147,5717,2322,6249,5628,3075,6926,4436,8880,8752,8848,8906,5776,5108,4745,4186,4317,9797,2920,6075,1121,6609,8545,7850,3825,4667,7047,9736,1254,5341,1271,7276,3069,2296,7096,9285,7323,1719,5168,9963,4228,1707,6144,8654,2878,3442,9259,9247,9234,1929,5587,4542,4187,2148,7309,4723,7170,1235,9254,9353,
left_sensor:
2911,8608,1219,4226,7164,6275,9529,5007,3760,4453,4682,1429,3045,7120,3779,3002,5676,4412,6567,6544,1596,8624,2310,7380,8220,4921,7046,5172,4835,3850,9383,8178,3550,4733,5275,7574,8594,9241,3142,2868,4147,5717,2322,6249,5628,3075,6926,4436,8880,8752,8848,8906,5776,5108,4745,4186,4317,9797,2920,6075,1121,6609,8545,7850,3825,4667,7047,9736,1254,5341,1271,7276,3069,2296,7096,9285,7323,1719,5168,9963,4228,1707,6144,8654,2878,3442,9259,9247,9234,1929,5587,4542,4187,2148,7309,4723,7170,1235,9254,9353,
right_sensor:
2911,8608,1219,4226,7164,6275,9529,5007,3760,4453,4682,1429,3045,7120,3779,3002,5676,4412,6567,6544,1596,8624,2310,7380,8220,4921,7046,5172,4835,3850,9383,8178,3550,4733,5275,7574,8594,9241,3142,2868,4147,5717,2322,6249,5628,3075,6926,4436,8880,8752,8848,8906,5776,5108,4745,4186,4317,9797,2920,6075,1121,6609,8545,7850,3825,4667,7047,9736,1254,5341,1271,7276,3069,2296,7096,9285,7323,1719,5168,9963,4228,1707,6144,8654,2878,3442,9259,9247,9234,1929,5587,4542,4187,2148,7309,4723,7170,1235,9254,9353,
