left_sensor_target:
-0.537586
right_sensor_target:
-0.537586
gyro_target:
gyro:

left_sensor:
2448,2448,2448,2448,2443,2434,2423,2410,2398,2384,2370,2356,2340,2324,2308,2292,2274,2256,2237,2218,2196,2174,2150,2128,2104,2080,2054,2028,2002,1975,1948,1920,1892,1865,1837,1810,1782,1754,1726,1699,1672,1644,1616,1588,1560,1532,1505,1478,1450,1422,1394,1367,1339,1312,1284,1256,1228,1200,1173,1145,1118,1090,1062,1034,1007,979,952,924,896,868,840,814,785,758,730,702,674,646,619,592,564,536,508,481,453,426,398,370,339,310,284,261,240,222,206,193,182,171,160,148,136,126,116,108,100,94,88,83,78,72,66,62,58,54,50,46,44,40,38,36,34,31,28,26,24,24,23,22,20,18,17,16,16,15,14,13,12,12,11,11,10,10,10,10,10,9,9,8,8,8,8,7,6,6,6,6,6,5,4,4,4,4,4,4,4,4,4,4,4,4,4,4,4,4,4,4,4,4,4,4,4,4,4,4,4,4,4,4,4,4,4,4,4,4,4,4,4,4,4,4,4,4,4,4,4,4,4,4,4,4,4,4,4,4,4,4,4,4,4,4,4,4,4,4,4,4,4,4,4,4,4,4,4,4,4,4,4,4,4,4,4,4,4,4,4,4,4,4,4,4,4,4,4,4,4,4,4,4,4,4,4,4,4,4,4,4,4,4,4,4,4,4,4,4,4,4,4,4,4,4,4,4,4,4,4,4,4,4,4,4,4,4,4,4,4,4,4,4,4,4,4,4,4,4,4,4,4,4,4,4,4,4,4,4,4,4,4,4,
right_sensor:
2448,2448,2448,2445,2438,2427,2415,2402,2394,2380,2366,2352,2336,2320,2304,2288,2270,2252,2233,2214,2194,2172,2151,2128,2105,2081,2056,2030,2004,1978,1938,1911,1884,1857,1830,1804,1777,1750,1723,1697,1670,1643,1616,1589,1562,1536,1509,1482,1455,1428,1401,1374,1348,1320,1293,1266,1239,1212,1185,1158,1131,1104,1077,1050,1023,996,969,942,915,888,861,834,807,780,753,726,699,672,645,618,591,564,537,510,483,456,428,402,374,348,321,295,271,248,228,211,196,184,173,163,152,142,130,120,110,103,96,91,85,80,74,69,64,59,55,52,48,46,42,40,36,34,32,30,28,27,25,24,22,20,19,18,17,17,16,15,14,13,12,12,11,11,11,11,10,10,10,10,9,8,8,8,8,8,8,8,7,6,6,6,6,6,5,5,4,4,4,4,4,4,4,4,4,4,4,4,4,4,4,4,4,4,4,4,4,4,4,4,4,4,4,4,4,4,4,4,4,4,4,4,4,4,4,4,4,4,4,4,4,4,4,4,4,4,4,4,4,4,4,4,4,4,4,4,4,4,4,4,4,4,4,4,4,4,4,4,4,4,4,4,4,4,4,4,4,4,4,4,4,4,4,4,4,4,4,4,4,4,4,4,4,4,4,4,4,4,4,4,4,4,4,4,4,4,4,4,4,4,4,4,4,4,4,4,4,4,4,4,4,4,4,4,4,4,4,4,4,4,4,4,4,4,4,4,4,4,4,4,4,4,4,4,4,4,4,4,4,4,
