left_sensor_target:
1.46241
right_sensor_target:
5.46241
gyro_target:
gyro:

left_sensor:
2450,2450,2450,2444,2436,2424,2412,2399,2386,2372,2358,2342,2326,2308,2292,2274,2256,2237,2218,2197,2176,2154,2132,2108,2084,2057,2028,2002,1975,1948,1920,1893,1866,1838,1810,1782,1755,1728,1700,1672,1644,1617,1588,1562,1534,1506,1478,1450,1423,1395,1368,1340,1312,1284,1256,1229,1202,1174,1146,1118,1090,1062,1034,1007,980,952,924,896,868,840,814,786,758,730,702,675,647,620,592,564,536,508,482,454,426,398,370,342,315,288,260,232,204,177,146,120,94,74,60,53,50,49,46,40,32,23,16,13,12,14,14,14,12,10,7,6,4,5,5,6,5,4,3,2,2,2,3,3,2,2,2,2,2,2,2,2,2,2,2,2,2,2,2,2,2,2,2,2,2,2,2,2,2,2,2,2,2,2,2,2,2,2,2,2,2,2,2,2,2,2,2,2,2,2,2,2,2,2,2,2,2,2,2,2,2,2,2,2,2,2,2,2,2,2,2,2,2,2,2,2,2,2,2,2,2,2,2,2,2,2,2,2,2,2,2,2,2,2,2,2,2,2,2,2,2,2,2,2,2,2,2,2,2,2,2,2,2,2,2,2,2,2,2,2,2,2,2,2,2,2,2,2,2,2,2,2,2,2,2,2,2,2,2,2,2,2,2,2,2,2,2,2,2,2,2,2,2,2,2,2,2,2,2,2,2,2,2,2,2,2,2,2,2,2,2,2,2,2,2,2,2,2,2,2,2,2,
right_sensor:
2454,2454,2454,2449,2440,2428,2416,2404,2388,2374,2360,2345,2329,2313,2296,2279,2261,2242,2222,2202,2182,2160,2135,2112,2088,2064,2038,2012,1986,1959,1932,1905,1878,1852,1824,1798,1770,1744,1717,1690,1663,1636,1610,1582,1555,1528,1501,1474,1447,1420,1393,1366,1339,1312,1285,1258,1231,1204,1177,1150,1123,1095,1068,1041,1014,987,960,933,906,879,852,825,798,771,744,704,676,650,622,596,568,541,514,487,460,433,406,379,352,325,298,271,244,217,190,162,136,111,88,72,64,61,58,52,44,35,28,24,23,23,23,22,20,16,13,11,10,10,11,11,11,10,9,8,8,8,8,8,8,8,8,8,8,8,8,8,8,8,8,8,8,8,8,8,8,8,8,8,8,8,8,8,8,8,8,8,8,8,8,8,8,8,8,8,8,8,8,8,8,8,8,8,8,8,8,8,8,8,8,8,8,8,8,8,8,8,8,8,8,8,8,8,8,8,8,8,8,8,8,8,8,8,8,8,8,8,8,8,8,8,8,8,8,8,8,8,8,8,8,8,8,8,8,8,8,8,8,8,8,8,8,8,8,8,8,8,8,8,8,8,8,8,8,8,8,8,8,8,8,8,8,8,8,8,8,8,8,8,8,8,8,8,8,8,8,8,8,8,8,8,8,8,8,8,8,8,8,8,8,8,8,8,8,8,8,8,8,8,8,8,8,8,8,8,8,8,8,8,8,8,8,8,8,8,8,8,
