left_sensor_target:
-22.5376
right_sensor_target:
-58.5376
gyro_target:
gyro:

left_sensor:
2426,2444,2453,2452,2446,2436,2424,2413,2400,2388,2375,2362,2347,2332,2317,2302,2283,2266,2248,2230,2212,2192,2172,2152,2130,2107,2084,2059,2034,2006,1978,1952,1924,1898,1870,1842,1816,1788,1760,1732,1705,1678,1650,1622,1594,1567,1540,1512,1484,1456,1429,1401,1374,1346,1318,1291,1264,1236,1208,1181,1154,1126,1098,1070,1042,1016,988,960,932,904,877,849,822,794,766,739,712,684,656,629,602,574,532,504,477,449,422,394,366,339,312,284,256,228,200,173,146,118,90,63,39,26,22,26,30,30,20,4,-17,-33,-40,-36,-22,-4,4,5,0,-13,-31,-45,-51,-47,-34,-12,6,16,16,4,-14,-36,-46,-50,-50,-44,-30,-12,-4,-1,-2,-9,-24,-40,-48,-47,-36,-18,2,12,14,11,0,-17,-37,-46,-46,-38,-24,-14,-12,-17,-28,-38,-39,-34,-22,-13,-12,-14,-24,-42,-46,-40,-26,-14,-12,-15,-24,-32,-33,-27,-20,-8,-2,-7,-21,-40,-48,-52,-50,-42,-28,-12,-4,-4,-14,-31,-50,-59,-61,-56,-44,-25,-8,2,2,-8,-24,-42,-52,-55,-53,-44,-28,-8,1,0,-10,-27,-46,-56,-58,-53,-40,-22,-4,4,2,-10,-30,-48,-56,-59,-56,-47,-31,-14,-8,-6,-10,-22,-37,-40,-38,-34,-23,-12,-8,-12,-24,-42,-48,-50,-46,-35,-16,-1,6,4,-6,-24,-42,-51,-52,-48,-34,-16,2,11,11,2,-14,-34,-43,-44,-40,-28,-10,2,4,-4,-20,-40,-48,-50,-44,-32,-16,-10,-10,-16,-28,-42,-48,-44,-30,-10,6,16,14,2,-17,-40,-50,-54,-53,-46,-32,-14,
right_sensor:
2390,2401,2419,2437,2443,2442,2436,2427,2416,2405,2394,2382,2369,2356,2342,2328,2313,2298,2283,2264,2248,2230,2212,2192,2172,2152,2130,2109,2086,2063,2039,2014,1988,1961,1934,1906,1880,1852,1825,1797,1770,1742,1715,1688,1660,1633,1606,1578,1551,1524,1496,1469,1441,1414,1387,1360,1332,1305,1278,1250,1222,1195,1167,1140,1113,1086,1058,1031,1004,976,949,921,894,867,839,812,784,757,730,702,674,647,620,592,565,538,510,483,456,428,401,374,346,319,292,264,236,209,182,154,127,100,72,45,18,-8,-21,-26,-22,-14,-10,-16,-28,-48,-67,-75,-77,-72,-61,-43,-38,-38,-42,-54,-69,-78,-78,-68,-51,-33,-26,-25,-29,-38,-54,-70,-77,-75,-64,-46,-29,-20,-22,-33,-52,-72,-81,-82,-78,-66,-49,-34,-30,-35,-50,-72,-88,-94,-88,-74,-54,-36,-28,-32,-45,-64,-84,-93,-92,-84,-67,-45,-38,-38,-44,-56,-71,-76,-74,-66,-50,-36,-30,-34,-46,-68,-85,-94,-92,-80,-61,-39,-29,-28,-29,-36,-50,-68,-76,-77,-75,-66,-50,-36,-30,-35,-48,-68,-84,-91,-87,-72,-51,-32,-21,-22,-31,-48,-69,-79,-82,-80,-71,-56,-40,-32,-38,-52,-72,-81,-84,-82,-74,-56,-40,-31,-34,-48,-68,-87,-97,-97,-87,-69,-48,-38,-34,-36,-45,-62,-78,-86,-82,-68,-48,-28,-19,-22,-36,-57,-79,-90,-94,-92,-83,-67,-45,-38,-39,-48,-63,-80,-88,-88,-79,-62,-41,-31,-30,-37,-51,-72,-78,-84,-83,-69,-61,-39,-36,-37,-45,-58,-70,-72,-68,-54,-40,-33,-38,-52,-73,-86,-85,-72,-50,-27,-20,-21,-23,
