left_sensor_target:
-0.537586
right_sensor_target:
-0.537586
gyro_target:
gyro:

left_sensor:
2448,2448,2448,2448,2444,2436,2426,2414,2400,2387,2374,2359,2342,2326,2310,2294,2276,2258,2240,2221,2200,2180,2158,2136,2112,2086,2062,2033,2006,1980,1952,1926,1898,1870,1842,1816,1788,1760,1732,1704,1677,1649,1622,1593,1566,1538,1510,1482,1455,1428,1400,1372,1344,1318,1290,1262,1234,1207,1179,1152,1124,1096,1069,1040,1014,986,958,930,903,876,848,820,792,764,737,710,682,654,626,599,572,544,516,488,460,433,406,378,350,323,295,268,240,213,187,162,140,120,104,90,80,72,66,60,52,47,42,38,35,32,30,26,24,22,20,18,16,14,14,12,12,10,10,9,9,9,8,8,8,7,6,6,6,6,6,5,4,4,4,4,4,4,4,4,4,4,4,4,4,4,4,4,4,4,4,4,4,4,4,4,4,4,4,4,4,4,4,4,4,4,4,4,4,4,4,4,4,4,4,4,4,4,4,4,4,4,4,4,4,4,4,4,4,4,4,4,4,4,4,4,4,4,4,4,4,4,4,4,4,4,4,4,4,4,4,4,4,4,4,4,4,4,4,4,4,4,4,4,4,4,4,4,4,4,4,4,4,4,4,4,4,4,4,4,4,4,4,4,4,4,4,4,4,4,4,4,4,4,4,4,4,4,4,4,4,4,4,4,4,4,4,4,4,4,4,4,4,4,4,4,4,4,4,4,4,4,4,4,4,4,4,4,4,4,4,4,4,4,4,4,4,4,4,4,4,4,4,4,4,
right_sensor:
2448,2448,2448,2448,2444,2435,2424,2411,2398,2384,2370,2356,2340,2324,2308,2292,2274,2255,2236,2224,2204,2183,2162,2140,2117,2094,2069,2031,2005,1978,1952,1925,1898,1872,1844,1818,1791,1764,1737,1710,1684,1656,1630,1603,1576,1549,1522,1495,1468,1441,1414,1387,1360,1333,1306,1279,1252,1225,1198,1170,1144,1116,1089,1062,1035,1008,982,954,927,900,873,846,819,792,764,738,710,683,656,629,602,575,548,521,494,468,440,413,386,359,332,305,278,251,221,195,170,147,127,110,95,84,75,68,62,57,52,46,42,37,33,30,26,24,22,20,18,16,15,14,13,12,11,10,9,8,8,8,8,8,8,7,6,6,6,6,6,6,6,6,6,6,6,6,6,6,6,6,6,6,6,6,6,6,6,6,6,6,6,6,6,6,6,6,6,6,6,6,6,6,6,6,6,6,6,6,6,6,6,6,6,6,6,6,6,6,6,6,6,6,6,6,6,6,6,6,6,6,6,6,6,6,6,6,6,6,6,6,6,6,6,6,6,6,6,6,6,6,6,6,6,6,6,6,6,6,6,6,6,6,6,6,6,6,6,6,6,6,6,6,6,6,6,6,6,6,6,6,6,6,6,6,6,6,6,6,6,6,6,6,6,6,6,6,6,6,6,6,6,6,6,6,6,6,6,6,6,6,6,6,6,6,6,6,6,6,6,6,6,6,6,6,6,6,6,6,6,6,6,6,6,6,6,6,6,6,6,6,6,
