left_sensor_target:
2452.54
right_sensor_target:
2452.54
gyro_target:
gyro:

left_sensor:
4,4,4,9,17,28,40,52,66,80,94,110,125,141,158,174,192,211,230,250,270,292,316,341,364,389,414,440,468,494,521,548,576,602,630,658,685,712,740,768,795,822,850,878,905,932,960,988,1016,1042,1070,1097,1124,1152,1180,1208,1234,1262,1290,1317,1345,1372,1400,1427,1454,1482,1510,1536,1564,1592,1620,1646,1674,1702,1730,1758,1784,1812,1840,1868,1894,1922,1950,1990,2018,2046,2074,2101,2128,2156,2183,2200,2227,2252,2278,2301,2322,2342,2358,2370,2382,2388,2392,2397,2402,2406,2411,2415,2419,2422,2424,2427,2430,2432,2434,2435,2436,2438,2438,2440,2440,2442,2442,2444,2444,2444,2444,2444,2445,2446,2446,2446,2446,2446,2446,2446,2447,2447,2447,2447,2447,2448,2448,2448,2448,2448,2448,2448,2448,2448,2448,2448,2448,2448,2448,2448,2448,2448,2448,2448,2448,2448,2448,2448,2448,2448,2448,2448,2448,2448,2448,2448,2448,2448,2448,2448,2448,2448,2448,2448,2448,2448,2448,2448,2448,2448,2448,2448,2448,2448,2448,2448,2448,2448,2448,2448,2448,2448,2448,2448,2448,2448,2448,2448,2448,2448,2448,2448,2448,2448,2448,2448,2448,2448,2448,2448,2448,2448,2448,2448,2448,2448,2448,2448,2448,2448,2448,2448,2448,2448,2448,2448,2448,2448,2448,2448,2448,2448,2448,2448,2448,2448,2448,2448,2448,2448,2448,2448,2448,2448,2448,2448,2448,2448,2448,2448,2448,2448,2448,2448,2448,2448,2448,2448,2448,2448,2448,2448,2448,2448,2448,2448,2448,2448,2448,2448,2448,2448,2448,2448,2448,2448,2448,2448,2448,2448,2448,2448,2448,2448,2448,2448,2448,2448,2448,2448,2448,2448,2448,2448,2448,2448,2448,2448,2448,2448,2448,
right_sensor:
4,4,4,10,20,31,43,56,70,84,98,113,129,147,164,181,199,220,240,260,281,302,325,348,374,400,424,451,478,504,532,559,586,613,640,668,695,722,750,777,804,832,860,886,914,942,968,996,1024,1051,1078,1106,1133,1160,1188,1215,1242,1270,1297,1325,1352,1380,1407,1434,1462,1490,1517,1545,1572,1600,1627,1654,1682,1709,1737,1764,1792,1820,1847,1874,1902,1930,1957,1984,2012,2040,2068,2096,2122,2150,2178,2206,2233,2258,2284,2306,2327,2345,2360,2370,2378,2384,2390,2395,2401,2406,2411,2416,2420,2423,2426,2428,2430,2432,2435,2437,2438,2438,2439,2440,2441,2442,2443,2444,2444,2444,2444,2445,2446,2446,2446,2446,2447,2448,2448,2448,2448,2448,2448,2448,2448,2448,2448,2448,2448,2448,2448,2448,2448,2448,2448,2448,2448,2448,2448,2448,2448,2448,2448,2448,2448,2448,2448,2448,2448,2448,2448,2448,2448,2448,2448,2448,2448,2448,2448,2448,2448,2448,2448,2448,2448,2448,2448,2448,2448,2448,2448,2448,2448,2448,2448,2448,2448,2448,2448,2448,2448,2448,2448,2448,2448,2448,2448,2448,2448,2448,2448,2448,2448,2448,2448,2448,2448,2448,2448,2448,2448,2448,2448,2448,2448,2448,2448,2448,2448,2448,2448,2448,2448,2448,2448,2448,2448,2448,2448,2448,2448,2448,2448,2448,2448,2448,2448,2448,2448,2448,2448,2448,2448,2448,2448,2448,2448,2448,2448,2448,2448,2448,2448,2448,2448,2448,2448,2448,2448,2448,2448,2448,2448,2448,2448,2448,2448,2448,2448,2448,2448,2448,2448,2448,2448,2448,2448,2448,2448,2448,2448,2448,2448,2448,2448,2448,2448,2448,2448,2448,2448,2448,2448,2448,2448,2448,2448,2448,2448,2448,2448,2448,
