left_sensor_target:
2432.54
right_sensor_target:
2421.54
gyro_target:
gyro:

left_sensor:
-16,-26,-29,-22,-12,0,14,26,39,52,67,82,97,113,130,146,164,182,200,220,240,262,284,307,330,354,380,406,432,458,486,513,540,568,595,623,650,678,705,732,760,788,815,842,870,897,924,952,979,1007,1034,1062,1089,1116,1144,1171,1198,1226,1253,1281,1308,1336,1364,1390,1418,1446,1473,1500,1528,1556,1582,1610,1638,1665,1692,1720,1747,1774,1802,1830,1856,1898,1912,1940,1980,2008,2036,2063,2090,2118,2145,2173,2200,2228,2254,2282,2310,2337,2364,2384,2393,2391,2380,2376,2377,2382,2394,2412,2432,2442,2446,2445,2438,2424,2410,2404,2411,2426,2439,2441,2438,2430,2422,2421,2427,2438,2446,2448,2440,2428,2420,2416,2418,2436,2452,2465,2468,2460,2444,2431,2427,2426,2430,2437,2448,2452,2444,2428,2408,2398,2395,2396,2404,2418,2437,2446,2448,2446,2438,2423,2410,2404,2410,2425,2444,2453,2456,2454,2446,2432,2415,2408,2413,2428,2446,2459,2459,2448,2430,2408,2396,2392,2394,2402,2416,2437,2444,2448,2445,2435,2420,2408,2408,2415,2430,2446,2450,2451,2447,2436,2422,2418,2419,2424,2434,2445,2450,2446,2432,2413,2407,2406,2409,2418,2434,2450,2457,2454,2440,2422,2404,2394,2394,2402,2417,2436,2444,2445,2442,2432,2418,2412,2410,2415,2426,2443,2447,2447,2442,2431,2418,2412,2416,2427,2444,2456,2458,2449,2432,2412,2404,2402,2406,2417,2436,2452,2460,2460,2450,2434,2414,2406,2404,2406,2415,2430,2445,2452,2451,2442,2426,2409,2400,2400,2406,2421,2440,2456,2462,2459,2446,2426,2406,2396,2394,2400,2414,2434,2452,2462,2462,2452,2434,2412,2402,2398,2398,2404,2418,2436,2453,2461,2459,2446,2425,2406,2394,2392,
right_sensor:
-27,-16,-18,-20,-16,-6,6,18,32,47,62,77,93,110,127,146,165,186,206,227,248,270,294,318,342,368,394,421,448,476,504,532,560,588,615,643,671,698,726,754,782,810,838,866,894,922,950,978,1006,1034,1062,1090,1118,1146,1173,1202,1229,1258,1286,1313,1342,1369,1397,1425,1453,1481,1509,1537,1565,1593,1621,1648,1677,1704,1732,1760,1788,1816,1858,1886,1914,1942,1970,1998,2026,2054,2082,2110,2138,2166,2194,2222,2249,2277,2305,2333,2359,2376,2379,2374,2370,2374,2386,2406,2422,2426,2425,2411,2405,2402,2403,2411,2424,2433,2434,2430,2420,2411,2410,2410,2416,2426,2438,2442,2438,2424,2405,2393,2392,2401,2419,2440,2448,2449,2446,2435,2418,2401,2393,2395,2406,2422,2434,2436,2434,2426,2414,2406,2408,2418,2432,2442,2442,2434,2418,2408,2406,2408,2418,2432,2442,2442,2434,2419,2408,2406,2408,2418,2432,2441,2442,2434,2418,2400,2392,2394,2405,2422,2433,2435,2434,2426,2413,2404,2402,2410,2425,2438,2439,2437,2428,2414,2404,2404,2412,2426,2437,2440,2438,2430,2417,2406,2405,2414,2430,2449,2458,2459,2455,2444,2424,2414,2406,2408,2420,2438,2453,2459,2455,2441,2421,2401,2392,2389,2394,2406,2426,2443,2451,2449,2437,2417,2397,2388,2386,2390,2402,2420,2438,2448,2449,2443,2429,2409,2402,2401,2403,2412,2426,2441,2447,2444,2433,2415,2397,2389,2391,2402,2421,2442,2450,2452,2450,2442,2426,2408,2400,2402,2412,2432,2449,2456,2454,2443,2424,2404,2394,2394,2403,2419,2438,2448,2450,2448,2438,2420,2402,2393,2394,2406,2426,2447,2458,2461,2459,2449,2432,2411,2402,2398,2402,2413,2432,2446,2453,2448,2435,2416,2398,
