left_sensor_target:
2450.54
right_sensor_target:
2456.54
gyro_target:
gyro:

left_sensor:
2,2,2,4,10,20,31,44,57,70,84,99,114,130,146,164,180,198,218,239,251,272,304,328,351,376,401,427,454,481,508,535,562,590,618,645,672,700,728,755,782,810,837,865,892,920,948,975,1002,1030,1058,1085,1113,1140,1168,1196,1223,1250,1278,1305,1332,1360,1388,1416,1442,1470,1498,1525,1552,1580,1608,1635,1663,1690,1718,1746,1773,1800,1828,1856,1883,1910,1938,1965,1992,2020,2048,2075,2102,2130,2158,2185,2213,2240,2268,2296,2323,2350,2377,2400,2415,2416,2414,2410,2408,2416,2427,2446,2452,2450,2440,2428,2424,2430,2446,2464,2474,2472,2462,2445,2430,2424,2428,2440,2460,2476,2482,2478,2466,2445,2428,2421,2425,2436,2453,2468,2474,2467,2453,2438,2432,2431,2436,2448,2460,2465,2462,2452,2438,2430,2430,2440,2456,2472,2478,2474,2462,2442,2427,2420,2423,2434,2452,2468,2476,2474,2464,2448,2433,2426,2431,2444,2462,2474,2474,2467,2453,2439,2432,2436,2446,2460,2464,2462,2452,2439,2430,2430,2438,2452,2466,2472,2469,2458,2443,2432,2430,2434,2446,2458,2466,2464,2455,2440,2430,2427,2434,2448,2464,2472,2471,2460,2442,2426,2418,2422,2434,2451,2468,2476,2470,2456,2438,2429,2426,2427,2435,2448,2461,2465,2458,2452,2444,2440,2443,2454,2466,2472,2467,2460,2447,2442,2442,2452,2462,2471,2472,2463,2444,2428,2421,2426,2439,2457,2472,2476,2469,2454,2434,2426,2426,2434,2450,2466,2473,2470,2458,2439,2424,2417,2422,2434,2454,2466,2468,2458,2442,2431,2430,2440,2456,2466,2469,2460,2445,2429,2422,2419,2423,2434,2448,2462,2468,2463,2451,2437,2432,2432,2440,2451,2463,2468,
right_sensor:
8,8,8,8,14,23,35,48,62,76,90,105,121,137,153,164,182,200,228,248,268,290,312,335,359,384,409,435,462,489,516,544,570,598,625,653,680,708,735,762,790,817,844,872,899,926,954,981,1008,1036,1064,1091,1118,1146,1174,1201,1229,1256,1284,1311,1339,1366,1394,1422,1450,1477,1504,1532,1560,1587,1615,1642,1670,1698,1726,1753,1780,1808,1836,1864,1891,1918,1946,1974,2002,2029,2057,2084,2112,2140,2168,2195,2223,2250,2278,2306,2333,2361,2387,2410,2422,2422,2416,2410,2408,2418,2435,2456,2464,2464,2456,2444,2435,2434,2440,2454,2468,2474,2470,2457,2443,2438,2440,2450,2464,2474,2472,2460,2444,2434,2435,2446,2456,2470,2476,2471,2461,2447,2442,2443,2452,2464,2475,2477,2468,2451,2434,2428,2431,2444,2462,2480,2488,2485,2474,2456,2440,2432,2435,2446,2463,2478,2484,2480,2466,2447,2432,2426,2428,2438,2453,2468,2474,2470,2458,2444,2440,2442,2453,2468,2479,2481,2473,2457,2440,2431,2433,2446,2465,2483,2492,2486,2472,2455,2446,2448,2456,2466,2470,2464,2452,2438,2432,2432,2440,2455,2467,2468,2464,2450,2437,2431,2435,2448,2462,2473,2474,2468,2455,2442,2437,2442,2455,2470,2476,2474,2463,2449,2437,2433,2439,2452,2467,2474,2472,2463,2449,2437,2433,2439,2452,2468,2475,2473,2463,2448,2436,2432,2438,2452,2468,2475,2472,2459,2444,2433,2431,2440,2456,2474,2483,2482,2470,2452,2434,2426,2430,2442,2464,2482,2489,2484,2468,2448,2430,2423,2428,2444,2466,2484,2492,2487,2472,2448,2430,2422,2428,2442,2462,2478,2482,2475,2460,2440,2432,2434,2444,2462,2478,2486,2482,2466,2445,
