left_sensor_target:
2448.54
right_sensor_target:
2448.54
gyro_target:
gyro:

left_sensor:
0,0,2,8,18,30,42,54,68,82,97,112,128,144,160,178,196,214,234,256,276,298,312,347,371,396,422,448,475,502,528,556,583,610,638,665,692,720,748,774,802,829,856,884,912,938,966,993,1020,1048,1076,1102,1130,1158,1184,1213,1240,1268,1295,1322,1350,1378,1404,1432,1460,1487,1514,1542,1570,1597,1624,1652,1680,1707,1734,1762,1790,1818,1844,1872,1900,1927,1954,1982,2009,2036,2064,2092,2119,2146,2174,2201,2230,2256,2284,2312,2338,2366,2392,2417,2436,2449,2454,2452,2449,2445,2443,2443,2444,2446,2448,2448,2448,2448,2448,2448,2448,2448,2448,2448,2448,2448,2448,2448,2448,2448,2448,2448,2448,2448,2448,2448,2448,2448,2448,2448,2448,2448,2448,2448,2448,2448,2448,2448,2448,2448,2448,2448,2448,2448,2448,2448,2448,2448,2448,2448,2448,2448,2448,2448,2448,2448,2448,2448,2448,2448,2448,2448,2448,2448,2448,2448,2448,2448,2448,2448,2448,2448,2448,2448,2448,2448,2448,2448,2448,2448,2448,2448,2448,2448,2448,2448,2448,2448,2448,2448,2448,2448,2448,2448,2448,2448,2448,2448,2448,2448,2448,2448,2448,2448,2448,2448,2448,2448,2448,2448,2448,2448,2448,2448,2448,2448,2448,2448,2448,2448,2448,2448,2448,2448,2448,2448,2448,2448,2448,2448,2448,2448,2448,2448,2448,2448,2448,2448,2448,2448,2448,2448,2448,2448,2448,2448,2448,2448,2448,2448,2448,2448,2448,2448,2448,2448,2448,2448,2448,2448,2448,2448,2448,2448,2448,2448,2448,2448,2448,2448,2448,2448,2448,2448,2448,2448,2448,2448,2448,2448,2448,2448,2448,2448,2448,2448,2448,2448,2448,2448,2448,2448,2448,2448,2448,
right_sensor:
0,0,0,6,16,28,40,54,68,82,97,114,130,147,164,182,200,219,239,260,280,302,326,349,376,402,427,454,481,508,535,562,590,617,645,672,700,727,754,782,809,836,864,892,919,946,974,1002,1029,1057,1084,1112,1140,1167,1195,1222,1250,1278,1305,1333,1360,1388,1416,1443,1471,1498,1526,1554,1582,1610,1637,1665,1692,1720,1748,1775,1803,1830,1858,1886,1913,1941,1969,1996,2024,2052,2080,2108,2135,2162,2190,2218,2245,2272,2300,2328,2356,2382,2409,2431,2447,2454,2454,2450,2446,2442,2441,2442,2444,2446,2448,2448,2448,2448,2448,2448,2448,2448,2448,2448,2448,2448,2448,2448,2448,2448,2448,2448,2448,2448,2448,2448,2448,2448,2448,2448,2448,2448,2448,2448,2448,2448,2448,2448,2448,2448,2448,2448,2448,2448,2448,2448,2448,2448,2448,2448,2448,2448,2448,2448,2448,2448,2448,2448,2448,2448,2448,2448,2448,2448,2448,2448,2448,2448,2448,2448,2448,2448,2448,2448,2448,2448,2448,2448,2448,2448,2448,2448,2448,2448,2448,2448,2448,2448,2448,2448,2448,2448,2448,2448,2448,2448,2448,2448,2448,2448,2448,2448,2448,2448,2448,2448,2448,2448,2448,2448,2448,2448,2448,2448,2448,2448,2448,2448,2448,2448,2448,2448,2448,2448,2448,2448,2448,2448,2448,2448,2448,2448,2448,2448,2448,2448,2448,2448,2448,2448,2448,2448,2448,2448,2448,2448,2448,2448,2448,2448,2448,2448,2448,2448,2448,2448,2448,2448,2448,2448,2448,2448,2448,2448,2448,2448,2448,2448,2448,2448,2448,2448,2448,2448,2448,2448,2448,2448,2448,2448,2448,2448,2448,2448,2448,2448,2448,2448,2448,2448,2448,2448,2448,2448,2448,2448,
