left_sensor_target:
2452.54
right_sensor_target:
2454.54
gyro_target:
gyro:

left_sensor:
4,4,4,4,10,19,30,42,55,68,82,97,112,128,144,160,178,196,215,236,258,280,300,323,346,370,394,420,446,473,500,526,554,581,610,636,664,691,719,746,774,801,828,856,884,911,938,966,993,1021,1048,1076,1104,1132,1159,1186,1214,1241,1268,1296,1324,1351,1378,1406,1434,1461,1488,1516,1544,1571,1598,1626,1653,1681,1708,1736,1764,1790,1818,1846,1873,1900,1928,1969,1996,2024,2052,2079,2106,2134,2162,2189,2216,2244,2272,2288,2315,2341,2366,2388,2406,2409,2408,2406,2408,2416,2426,2434,2438,2438,2438,2438,2440,2442,2444,2446,2447,2447,2447,2447,2448,2448,2449,2449,2449,2449,2449,2450,2450,2450,2450,2450,2450,2450,2450,2450,2450,2450,2450,2450,2450,2450,2450,2450,2450,2450,2450,2450,2450,2450,2450,2450,2450,2450,2450,2450,2450,2450,2450,2450,2450,2450,2450,2450,2450,2450,2450,2450,2450,2450,2450,2450,2450,2450,2450,2450,2450,2450,2450,2450,2450,2450,2450,2450,2450,2450,2450,2450,2450,2450,2450,2450,2450,2450,2450,2450,2450,2450,2450,2450,2450,2450,2450,2450,2450,2450,2450,2450,2450,2450,2450,2450,2450,2450,2450,2450,2450,2450,2450,2450,2450,2450,2450,2450,2450,2450,2450,2450,2450,2450,2450,2450,2450,2450,2450,2450,2450,2450,2450,2450,2450,2450,2450,2450,2450,2450,2450,2450,2450,2450,2450,2450,2450,2450,2450,2450,2450,2450,2450,2450,2450,2450,2450,2450,2450,2450,2450,2450,2450,2450,2450,2450,2450,2450,2450,2450,2450,2450,2450,2450,2450,2450,2450,2450,2450,2450,2450,2450,2450,2450,2450,2450,2450,2450,2450,2450,2450,2450,2450,2450,2450,2450,2450,
right_sensor:
6,6,6,6,11,21,32,44,57,70,84,99,116,132,148,165,182,200,219,239,259,280,302,324,348,372,398,427,453,480,506,534,560,588,615,642,670,697,724,752,779,806,834,861,888,916,944,970,998,1025,1052,1080,1107,1135,1162,1190,1217,1244,1272,1300,1327,1355,1382,1410,1438,1465,1492,1520,1548,1574,1602,1630,1657,1684,1712,1740,1767,1795,1822,1850,1878,1905,1932,1960,1988,2016,2043,2070,2098,2126,2153,2180,2208,2236,2264,2292,2319,2346,2370,2389,2401,2405,2406,2406,2411,2419,2429,2438,2443,2444,2442,2440,2440,2442,2446,2450,2452,2453,2452,2450,2450,2450,2452,2453,2454,2454,2454,2454,2454,2454,2454,2454,2454,2454,2454,2454,2454,2454,2454,2454,2454,2454,2454,2454,2454,2454,2454,2454,2454,2454,2454,2454,2454,2454,2454,2454,2454,2454,2454,2454,2454,2454,2454,2454,2454,2454,2454,2454,2454,2454,2454,2454,2454,2454,2454,2454,2454,2454,2454,2454,2454,2454,2454,2454,2454,2454,2454,2454,2454,2454,2454,2454,2454,2454,2454,2454,2454,2454,2454,2454,2454,2454,2454,2454,2454,2454,2454,2454,2454,2454,2454,2454,2454,2454,2454,2454,2454,2454,2454,2454,2454,2454,2454,2454,2454,2454,2454,2454,2454,2454,2454,2454,2454,2454,2454,2454,2454,2454,2454,2454,2454,2454,2454,2454,2454,2454,2454,2454,2454,2454,2454,2454,2454,2454,2454,2454,2454,2454,2454,2454,2454,2454,2454,2454,2454,2454,2454,2454,2454,2454,2454,2454,2454,2454,2454,2454,2454,2454,2454,2454,2454,2454,2454,2454,2454,2454,2454,2454,2454,2454,2454,2454,2454,2454,2454,2454,2454,2454,2454,2454,2454,2454,2454,
